150
0 5
0 103
0 70
0 83
0 60
0 148
0 40
0 7
0 82
0 118
0 85
0 62
0 52
0 6
0 127
0 19
0 140
0 9
0 97
0 51
0 87
0 64
0 41
0 18
0 54
0 142
0 96
0 132
0 109
0 76
0 20
0 33
0 131
0 108
0 121
0 98
0 111
0 65
0 78
0 55
0 68
0 45
0 110
0 2
0 90
0 11
0 47
0 145
0 102
0 56
0 69
0 46
0 59
0 13
0 26
0 147
0 3
0 124
0 16
0 114
0 71
0 25
0 38
0 28
1 113
1 80
1 57
1 70
1 125
1 79
1 92
1 69
1 82
1 49
1 26
1 137
1 114
1 6
1 127
1 81
1 51
1 28
1 149
1 139
1 129
1 106
1 96
1 50
1 27
1 40
1 17
1 128
1 20
1 108
1 62
1 52
1 29
1 19
1 140
1 32
1 130
1 74
1 110
1 64
1 77
1 54
1 44
1 21
1 142
1 86
1 99
1 89
1 43
1 56
1 33
1 98
1 101
1 91
1 68
1 22
1 25
1 2
1 123
1 100
1 136
2 50
2 27
2 138
2 128
2 118
2 62
2 42
2 9
2 120
2 64
2 54
2 119
2 11
2 109
2 76
2 53
2 66
2 43
2 56
2 141
2 131
2 23
2 144
2 121
2 55
2 32
2 22
2 110
2 100
2 77
2 67
2 34
2 47
2 24
2 14
2 4
2 79
2 46
2 82
2 13
2 3
2 124
2 137
2 127
2 94
2 71
2 48
2 15
2 28
2 149
2 126
2 93
2 106
2 83
2 60
3 15
3 136
3 5
3 103
3 70
3 73
3 27
3 40
3 17
3 138
3 7
3 95
3 108
3 140
3 117
3 64
3 41
3 54
3 31
3 8
3 21
3 86
3 66
3 33
3 23
3 144
3 121
3 101
3 55
3 32
3 45
3 22
3 143
3 25
3 110
3 67
3 80
3 47
3 145
3 14
3 135
3 125
3 79
3 46
3 82
3 36
3 13
3 49
3 147
3 124
3 137
3 91
3 127
3 104
3 48
4 119
4 86
4 76
4 53
4 30
4 66
4 33
4 10
4 131
4 108
4 144
4 121
4 98
4 42
4 55
4 22
4 110
4 87
4 77
4 90
4 67
4 80
4 11
4 132
4 122
4 14
4 135
4 125
4 79
4 56
4 92
4 69
4 46
4 36
4 13
4 26
4 147
4 101
4 114
4 104
4 81
4 48
4 136
4 28
4 103
4 93
4 106
4 60
4 37
4 50
4 128
4 105
4 82
4 95
4 62
4 52
4 29
4 6
4 127
4 140
4 117
4 94
4 130
4 74
4 129
4 21
4 142
5 60
5 96
5 73
5 40
5 138
5 105
5 141
5 118
5 95
5 72
5 85
5 62
5 52
5 140
5 32
5 117
5 9
5 130
5 120
5 74
5 87
5 64
5 41
5 54
5 44
5 119
5 109
5 86
5 122
5 99
5 89
5 56
5 23
5 111
5 65
5 78
5 45
5 25
5 146
5 100
5 113
5 90
5 80
5 57
5 70
5 145
5 135
5 148
5 125
5 46
5 59
5 26
5 147
5 124
5 16
5 114
5 6
5 91
5 104
5 71
5 84
5 15
5 126
5 139
5 116
5 93
6 84
6 51
6 149
6 116
6 129
6 106
6 96
6 50
6 63
6 40
6 30
6 128
6 20
6 118
6 95
6 62
6 52
6 65
6 19
6 140
6 117
6 130
6 74
6 87
6 77
6 44
6 21
6 119
6 11
6 132
6 109
6 122
6 53
6 66
6 56
6 46
6 13
6 111
6 88
6 78
6 91
6 35
6 12
6 100
6 136
6 103
6 145
6 37
6 135
6 125
6 102
6 79
6 92
6 82
6 59
6 36
6 124
6 114
6 127
6 81
6 71
7 21
7 142
7 11
7 96
7 132
7 99
7 76
7 53
7 66
7 10
7 23
7 108
7 144
7 121
7 88
7 101
7 55
7 22
7 12
7 110
7 146
7 77
7 113
7 44
7 47
7 37
7 122
7 135
7 112
7 13
7 49
7 71
7 61
7 28
7 149
7 103
7 139
7 83
7 60
7 73
7 50
7 27
7 148
7 30
7 115
7 128
7 95
7 85
7 62
7 39
7 29
7 140
7 130
7 64
7 54
8 84
8 97
8 31
8 119
8 99
8 76
8 53
8 89
8 66
8 20
8 56
8 141
8 33
8 131
8 23
8 121
8 65
8 101
8 32
8 68
8 22
8 143
8 35
8 12
8 110
8 77
8 80
8 57
8 34
8 24
8 122
8 14
8 92
8 69
8 59
8 13
8 147
8 127
8 104
8 81
8 61
8 38
8 136
8 103
8 70
8 148
8 138
8 30
8 115
8 128
8 105
8 118
8 95
8 108
8 62
8 39
8 52
8 42
8 140
8 117
9 67
9 80
9 57
9 47
9 145
9 89
9 125
9 102
9 79
9 92
9 69
9 36
9 16
9 101
9 137
9 68
9 58
9 71
9 61
9 113
9 103
9 70
9 128
9 105
9 118
9 95
9 49
9 85
9 29
9 127
9 140
9 117
9 94
9 130
9 84
9 97
9 41
9 31
9 129
9 119
9 63
9 99
9 76
9 30
9 66
9 141
9 75
9 111
9 88
9 22
9 35
9 12
9 77
10 54
10 142
10 119
10 11
10 109
10 86
10 99
10 66
10 20
10 131
10 23
10 13
10 88
10 101
10 55
10 22
10 143
10 35
10 12
10 123
10 90
10 70
10 24
10 37
10 102
10 79
10 115
10 92
10 46
10 59
10 49
10 16
10 91
10 81
10 48
10 84
10 18
10 116
10 93
10 129
10 60
10 73
10 27
10 40
10 17
10 138
10 30
10 141
10 118
10 72
10 108
10 19
10 32
10 117
10 130
10 74
10 77
11 89
11 102
11 79
11 13
11 49
11 147
11 124
11 137
11 81
11 94
11 71
11 146
11 28
11 17
11 115
11 128
11 118
11 95
11 85
11 39
11 75
11 52
11 29
11 42
11 127
11 19
11 117
11 97
11 74
11 87
11 41
11 31
11 129
11 142
11 132
11 86
11 63
11 99
11 76
11 43
11 141
11 33
11 144
11 65
11 78
11 55
11 68
11 45
11 110
11 123
11 100
11 44
11 47
11 145
11 122
12 100
12 67
12 34
12 24
12 145
12 37
12 122
12 14
12 89
12 125
12 79
12 92
12 46
12 13
12 26
12 137
12 114
12 104
12 94
12 71
12 15
12 136
12 126
12 103
12 106
12 27
12 40
12 138
12 115
12 128
12 95
12 85
12 52
12 42
12 19
12 140
12 117
12 107
12 129
12 96
12 109
12 76
12 53
12 66
12 43
12 56
12 33
12 131
12 23
12 144
12 88
12 65
12 101
12 45
12 22
12 143
12 35
12 146
13 88
13 55
13 32
13 68
13 45
13 22
13 133
13 110
13 146
13 123
13 113
13 80
13 34
13 24
13 145
13 14
13 135
13 102
13 92
13 82
13 36
13 49
13 147
13 124
13 58
13 71
13 25
13 38
13 126
13 139
13 70
13 83
13 60
13 63
13 30
13 118
13 95
13 29
13 140
13 107
13 84
13 120
13 97
13 74
13 51
13 87
13 41
13 54
13 31
13 86
13 99
13 89
13 66
13 43
13 56
13 141
13 33
13 131
13 144
14 145
14 122
14 79
14 69
14 46
14 82
14 36
14 49
14 26
14 91
14 58
14 94
14 51
14 28
14 149
14 18
14 116
14 50
14 148
14 95
14 72
14 85
14 52
14 42
14 19
14 32
14 130
14 107
14 84
14 74
14 77
14 44
14 21
14 132
14 109
14 76
14 53
14 20
14 33
14 111
14 88
14 65
14 101
14 55
14 22
14 143
14 110
14 123
14 67
14 34
14 70
15 25
15 100
15 67
15 103
15 34
15 37
15 135
15 148
15 125
15 92
15 46
15 26
15 124
15 16
15 137
15 114
15 71
15 61
15 38
15 51
15 136
15 126
15 73
15 40
15 30
15 95
15 108
15 52
15 19
15 130
15 84
15 120
15 97
15 87
15 64
15 54
15 129
15 119
15 132
15 109
15 122
15 53
15 134
15 65
15 22
15 143
16 70
16 83
16 148
16 40
16 30
16 115
16 82
16 62
16 140
16 117
16 107
16 120
16 74
16 51
16 64
16 21
16 99
16 20
16 23
16 108
16 88
16 65
16 78
16 55
16 68
16 45
16 22
16 35
16 100
16 77
16 113
16 90
16 67
16 34
16 24
16 122
16 102
16 92
16 46
16 49
16 134
16 26
16 147
16 137
16 146
16 38
16 28
16 126
16 139
16 116
17 58
17 71
17 25
17 61
17 28
17 126
17 116
17 70
17 60
17 50
17 148
17 40
17 30
17 105
17 118
17 72
17 62
17 39
17 42
17 140
17 117
17 107
17 84
17 97
17 64
17 18
17 142
17 119
17 96
17 86
17 63
17 99
17 76
17 20
17 33
17 23
17 45
17 110
17 100
17 57
17 34
17 122
17 89
17 102
17 69
17 46
17 147
17 124
17 137
17 127
18 115
18 105
18 72
18 62
18 140
18 130
18 84
18 97
18 87
18 64
18 54
18 142
18 109
18 53
18 20
18 56
18 141
18 33
18 131
18 98
18 111
18 65
18 32
18 68
18 45
18 143
18 110
18 113
18 90
18 67
18 80
18 47
18 24
18 145
18 69
18 26
18 147
18 114
18 81
18 58
18 94
18 48
18 61
18 149
18 126
18 139
18 93
18 83
18 73
18 27
19 103
19 116
19 60
19 27
19 148
19 40
19 128
19 105
19 72
19 108
19 62
19 52
19 29
19 107
19 120
19 97
19 74
19 64
19 21
19 132
19 109
19 86
19 99
19 89
19 56
19 33
19 23
19 121
19 88
19 101
19 78
19 45
19 143
19 35
19 133
19 123
19 90
19 57
19 24
19 122
19 79
19 82
19 36
19 124
19 127
19 104
19 81
19 71
19 48
19 61
19 51
19 149
19 126
20 81
20 48
20 149
20 139
20 93
20 60
20 96
20 73
20 50
20 27
20 128
20 141
20 118
20 108
20 62
20 39
20 29
20 42
20 32
20 84
20 87
20 54
20 44
20 129
20 119
20 109
20 76
20 66
20 43
20 23
20 111
20 65
20 55
20 58
20 143
20 133
20 25
20 146
20 100
20 113
20 103
20 34
20 47
20 145
20 135
20 112
20 125
20 102
20 79
20 115
20 46
20 26
20 114
20 91
20 127
21 31
21 96
21 109
21 63
21 99
21 76
21 53
21 131
21 144
21 65
21 55
21 68
21 143
21 120
21 133
21 110
21 100
21 113
21 34
21 47
21 24
21 145
21 102
21 56
21 26
21 147
21 124
21 114
21 81
21 146
21 126
21 139
21 116
21 93
21 60
21 27
21 40
21 105
21 95
21 85
21 62
21 39
21 75
21 29
21 127
21 140
21 130
21 107
21 74
21 51
22 28
22 126
22 116
22 106
22 83
22 60
22 50
22 40
22 138
22 105
22 108
22 62
22 75
22 52
22 29
22 65
22 140
22 120
22 97
22 74
22 110
22 87
22 54
22 132
22 99
22 66
22 56
22 46
22 121
22 111
22 88
22 78
22 55
22 45
22 58
22 133
22 25
22 146
22 136
22 80
22 70
22 24
22 145
22 37
22 135
22 148
22 102
22 79
22 59
22 36
22 49
22 26
22 81
22 117
22 84
23 109
23 86
23 99
23 76
23 53
23 66
23 56
23 131
23 134
23 45
23 146
23 123
23 77
23 113
23 80
23 47
23 102
23 79
23 92
23 82
23 59
23 36
23 49
23 26
23 147
23 124
23 71
23 61
23 38
23 28
23 126
23 116
23 83
23 60
23 27
23 63
23 115
23 128
23 118
23 52
23 29
23 107
23 84
23 51
23 129
23 142
23 96
24 74
24 64
24 54
24 31
24 129
24 119
24 132
24 109
24 99
24 53
24 66
24 43
24 144
24 121
24 134
24 32
24 68
24 45
24 80
24 47
24 122
24 135
24 112
24 79
24 69
24 46
24 82
24 49
24 147
24 61
24 103
24 139
24 116
24 96
24 73
24 50
24 128
24 105
24 118
24 108
24 85
24 62
24 75
24 42
24 140
24 117
25 34
25 125
25 102
25 69
25 46
25 147
25 101
25 114
25 68
25 104
25 81
25 58
25 38
25 136
25 113
25 126
25 116
25 70
25 106
25 40
25 138
25 128
25 105
25 49
25 42
25 127
25 84
25 97
25 74
25 51
25 54
25 139
25 129
25 142
25 96
25 109
25 86
25 76
25 53
25 66
25 33
25 98
25 88
25 78
25 55
25 32
25 45
25 143
25 35
25 120
25 133
25 77
25 44
25 80
25 57
26 122
26 76
26 53
26 89
26 66
26 56
26 131
26 144
26 98
26 78
26 45
26 58
26 35
26 133
26 146
26 103
26 57
26 70
26 135
26 148
26 92
26 82
26 36
26 49
26 39
26 127
26 81
26 84
26 61
26 38
26 136
26 28
26 116
26 129
26 83
26 27
26 63
26 138
26 105
26 118
26 108
26 85
26 29
26 42
26 117
26 120
26 97
26 110
26 41
27 64
27 41
27 54
27 142
27 119
27 109
27 86
27 122
27 76
27 89
27 33
27 121
27 88
27 101
27 78
27 55
27 68
27 45
27 58
27 146
27 103
27 57
27 34
27 145
27 148
27 79
27 92
27 82
27 59
27 39
27 124
27 114
27 104
27 81
27 94
27 71
27 106
27 83
27 128
27 118
27 95
27 85
27 75
27 42
27 140
28 67
28 80
28 57
28 37
28 135
28 112
28 69
28 82
28 59
28 114
28 91
28 127
28 58
28 71
28 61
28 103
28 116
28 60
28 73
28 40
28 115
28 105
28 118
28 85
28 52
28 140
28 120
28 97
28 51
28 129
28 132
28 109
28 89
28 43
28 131
28 121
28 65
28 101
28 32
28 35
28 110
28 123
28 77
29 32
29 45
29 35
29 110
29 146
29 123
29 113
29 80
29 57
29 47
29 145
29 37
29 102
29 79
29 82
29 59
29 147
29 91
29 127
29 58
29 51
29 126
29 103
29 139
29 116
29 83
29 96
29 50
29 148
29 40
29 30
29 128
29 95
29 72
29 85
29 62
29 42
29 140
29 117
29 130
29 120
29 54
29 142
29 119
29 109
29 99
29 76
29 53
29 131
29 144
29 88
29 65
29 101
30 125
30 92
30 124
30 91
30 127
30 81
30 71
30 48
30 61
30 51
30 116
30 50
30 63
30 40
30 128
30 62
30 39
30 75
30 97
30 74
30 64
30 41
30 77
30 54
30 44
30 129
30 142
30 119
30 132
30 109
30 122
30 89
30 134
30 55
30 45
30 123
30 113
30 103
30 57
30 47
30 37
30 135
31 90
31 103
31 70
31 37
31 148
31 102
31 115
31 46
31 82
31 59
31 147
31 137
31 114
31 91
31 127
31 104
31 71
31 84
31 61
31 116
31 93
31 106
31 96
31 40
31 138
31 128
31 105
31 118
31 85
31 62
31 65
31 32
31 110
31 64
31 41
31 54
31 132
31 109
31 122
31 53
31 66
31 33
31 131
31 134
31 111
31 88
31 101
31 55
31 45
31 58
31 143
31 123
32 101
32 78
32 91
32 68
32 143
32 35
32 90
32 67
32 103
32 80
32 70
32 145
32 148
32 125
32 69
32 82
32 36
32 104
32 48
32 84
32 61
32 38
32 51
32 149
32 116
32 129
32 106
32 40
32 128
32 105
32 118
32 108
32 85
32 75
32 42
32 140
32 120
32 74
32 64
32 41
32 77
32 54
32 44
32 86
32 99
32 53
32 89
32 56
32 111
33 136
33 103
33 70
33 73
33 148
33 40
33 105
33 62
33 75
33 52
33 42
33 140
33 107
33 120
33 97
33 74
33 87
33 54
33 129
33 119
33 96
33 86
33 53
33 144
33 88
33 65
33 78
33 35
33 110
33 113
33 90
33 57
33 37
33 92
33 46
33 49
33 147
33 104
33 94
34 147
34 137
34 94
34 48
34 61
34 136
34 149
34 116
34 106
34 73
34 50
34 148
34 105
34 108
34 107
34 54
34 129
34 132
34 89
34 56
34 141
34 101
34 143
34 100
34 80
34 145
34 102
34 79
34 115
34 69
34 46
34 36
34 49
35 106
35 138
35 118
35 108
35 42
35 117
35 130
35 84
35 120
35 97
35 54
35 44
35 109
35 86
35 122
35 99
35 66
35 131
35 88
35 65
35 101
35 78
35 55
35 45
35 58
35 143
35 146
35 123
35 103
35 70
35 47
35 145
35 112
35 46
35 91
35 127
35 81
35 48
35 38
35 136
35 116
35 93
36 48
36 84
36 136
36 126
36 139
36 116
36 93
36 129
36 106
36 83
36 96
36 40
36 138
36 95
36 72
36 75
36 42
36 130
36 87
36 77
36 54
36 44
36 142
36 119
36 109
36 122
36 99
36 53
36 66
36 43
36 144
36 134
36 88
36 68
36 133
36 70
36 135
36 112
36 102
36 115
36 69
36 46
36 59
36 124
36 127
36 81
36 94
37 129
37 142
37 119
37 96
37 109
37 76
37 43
37 131
37 144
37 121
37 111
37 65
37 45
37 133
37 123
37 100
37 77
37 90
37 135
37 89
37 125
37 102
37 69
37 46
37 49
37 124
37 81
37 58
37 48
37 38
37 139
37 116
37 106
37 83
37 60
37 50
37 138
37 118
37 52
37 42
37 127
37 117
37 107
37 120
37 97
37 54
38 130
38 107
38 120
38 97
38 51
38 119
38 86
38 76
38 43
38 131
38 144
38 121
38 88
38 65
38 68
38 143
38 110
38 146
38 77
38 90
38 44
38 57
38 122
38 112
38 125
38 79
38 69
38 49
38 134
38 124
38 91
38 127
38 104
38 81
38 58
38 71
38 48
38 136
38 126
38 103
38 116
38 106
38 63
38 115
38 105
38 72
38 62
38 39
38 52
39 84
39 93
39 129
39 106
39 83
39 73
39 50
39 40
39 95
39 131
39 108
39 85
39 62
39 52
39 107
39 120
39 74
39 110
39 87
39 64
39 67
39 119
39 122
39 76
39 66
39 88
39 124
39 101
39 55
39 91
39 133
39 123
39 100
39 136
39 90
39 60
39 102
39 105
39 82
39 72
39 137
39 114
40 44
40 129
40 89
40 66
40 131
40 144
40 121
40 111
40 88
40 65
40 78
40 68
40 133
40 110
40 146
40 123
40 113
40 90
40 67
40 80
40 57
40 47
40 112
40 148
40 79
40 69
40 82
40 49
40 137
40 71
40 51
40 136
40 149
40 126
40 60
40 50
40 141
40 118
40 95
40 85
40 120
40 97
40 74
40 64
41 42
41 107
41 120
41 74
41 110
41 64
41 44
41 109
41 122
41 99
41 76
41 66
41 131
41 98
41 134
41 101
41 55
41 68
41 100
41 113
41 90
41 80
41 57
41 47
41 112
41 125
41 79
41 92
41 69
41 82
41 124
41 91
41 94
41 84
41 61
41 51
41 149
41 126
41 139
41 60
41 128
41 95
41 72
41 75
41 52
41 65
42 90
42 67
42 44
42 80
42 57
42 47
42 135
42 125
42 102
42 92
42 69
42 46
42 81
42 71
42 61
42 103
42 139
42 116
42 70
42 106
42 83
42 60
42 50
42 128
42 82
42 95
42 127
42 140
42 130
42 107
42 142
42 132
42 66
42 43
42 56
42 141
42 88
42 68
42 45
42 133
43 110
43 64
43 44
43 119
43 132
43 86
43 122
43 89
43 66
43 56
43 131
43 121
43 111
43 124
43 78
43 68
43 45
43 136
43 67
43 103
43 80
43 57
43 70
43 47
43 145
43 69
43 82
43 137
43 114
43 127
43 81
43 117
43 94
43 84
43 61
43 149
43 126
43 106
43 73
43 63
43 128
43 105
43 141
43 95
43 85
43 62
43 98
43 140
43 107
43 120
43 97
44 112
44 125
44 102
44 79
44 92
44 69
44 82
44 59
44 124
44 104
44 71
44 48
44 61
44 51
44 136
44 126
44 139
44 106
44 83
44 50
44 138
44 128
44 118
44 95
44 72
44 85
44 62
44 75
44 120
44 74
44 87
44 54
44 119
44 132
44 109
44 86
44 99
44 89
44 66
44 98
44 88
44 78
44 55
44 143
44 146
44 113
44 90
44 70
45 133
45 123
45 67
45 103
45 80
45 57
45 135
45 112
45 59
45 49
45 137
45 114
45 91
45 81
45 48
45 51
45 136
45 116
45 83
45 96
45 50
45 63
45 141
45 118
45 95
45 87
45 64
45 77
45 54
45 142
45 132
45 99
45 76
45 89
45 66
45 144
45 134
45 111
45 78
45 55
45 58
45 143
46 111
46 88
46 78
46 58
46 90
46 57
46 47
46 112
46 79
46 124
46 91
46 48
46 84
46 149
46 126
46 93
46 106
46 50
46 141
46 72
46 65
46 74
46 77
46 54
46 142
46 132
46 109
46 86
46 122
46 76
46 53
46 66
47 80
47 57
47 70
47 112
47 125
47 102
47 59
47 72
47 49
47 147
47 104
47 94
47 51
47 126
47 139
47 116
47 129
47 106
47 96
47 138
47 105
47 108
47 85
47 75
47 52
47 120
47 97
47 74
47 77
47 54
47 142
47 119
47 109
47 86
47 53
47 89
47 131
47 144
47 133
47 136
47 113
47 67
48 133
48 146
48 136
48 90
48 145
48 112
48 102
48 115
48 69
48 82
48 59
48 104
48 81
48 71
48 149
48 60
48 96
48 73
48 50
48 128
48 105
48 108
48 62
48 98
48 75
48 52
48 65
48 107
48 143
48 110
48 87
48 119
48 132
48 109
48 122
48 99
48 76
48 79
48 131
48 144
48 121
48 111
48 101
48 68
49 126
49 103
49 139
49 83
49 60
49 63
49 148
49 118
49 95
49 72
49 108
49 85
49 62
49 130
49 120
49 87
49 54
49 142
49 99
49 66
49 141
49 131
49 134
49 111
49 78
49 55
49 143
49 146
49 123
49 90
49 57
49 122
49 112
49 125
49 102
49 79
49 137
49 114
49 104
49 81
49 71
49 136
50 91
50 104
50 81
50 61
50 51
50 136
50 149
50 126
50 103
50 106
50 96
50 63
50 148
50 105
50 118
50 108
50 75
50 52
50 140
50 117
50 130
50 107
50 77
50 54
50 119
50 86
50 122
50 53
50 66
50 144
50 98
50 134
50 111
50 55
50 68
50 143
50 110
50 123
50 90
50 67
50 70
50 59
50 147
50 124
50 137
51 68
51 81
51 58
51 136
51 103
51 80
51 93
51 70
51 60
51 138
51 115
51 92
51 69
51 82
51 147
51 114
51 127
51 116
51 129
51 83
51 63
51 128
51 141
51 108
51 85
51 98
51 52
51 65
51 97
51 110
51 64
51 100
51 109
51 76
51 66
51 56
51 144
51 121
51 111
51 88
52 149
52 126
52 139
52 60
52 96
52 73
52 128
52 105
52 95
52 108
52 75
52 87
52 64
52 119
52 132
52 109
52 86
52 99
52 76
52 131
52 144
52 121
52 98
52 111
52 101
52 78
52 91
52 146
52 100
52 145
52 135
52 112
52 147
52 127
52 117
53 137
53 71
53 149
53 126
53 116
53 60
53 96
53 138
53 105
53 95
53 108
53 98
53 140
53 130
53 107
53 143
53 120
53 110
53 64
53 77
53 54
53 132
53 109
53 99
53 89
53 79
53 131
53 144
53 88
53 124
53 101
53 91
53 58
53 100
53 90
53 67
53 80
53 57
54 74
54 129
54 96
54 99
54 76
54 89
54 66
54 98
54 143
54 110
54 77
54 90
54 80
54 57
54 92
54 69
54 82
54 59
54 124
54 137
54 114
54 127
54 93
54 106
54 105
54 118
54 95
54 72
54 85
54 62
54 75
54 117
54 107
54 84
55 149
55 126
55 139
55 129
55 83
55 86
55 128
55 118
55 107
55 143
55 64
55 77
55 122
55 66
55 79
55 56
55 121
55 101
55 91
55 68
55 58
55 103
55 80
55 70
55 148
55 102
55 115
55 147
55 114
55 127
55 71
56 109
56 89
56 144
56 111
56 88
56 78
56 68
56 143
56 146
56 123
56 103
56 70
56 125
56 102
56 79
56 69
56 82
56 124
56 137
56 81
56 94
56 71
56 84
56 61
56 149
56 129
56 106
56 60
56 73
56 138
56 128
56 141
56 95
56 62
56 107
56 120
56 74
56 77
57 130
57 97
57 110
57 77
57 132
57 109
57 86
57 122
57 89
57 66
57 131
57 144
57 98
57 134
57 111
57 88
57 58
57 143
57 133
57 123
57 100
57 136
57 80
57 145
57 125
57 102
57 115
57 92
57 69
57 82
57 72
57 124
57 137
57 114
57 117
57 94
57 84
57 61
57 126
57 139
57 116
57 93
57 60
57 96
57 73
57 63
57 138
57 118
58 85
58 62
58 75
58 130
58 143
58 74
58 64
58 142
58 132
58 122
58 76
58 89
58 131
58 144
58 111
58 88
58 78
58 91
58 90
58 67
58 70
58 148
58 125
58 115
58 69
58 59
58 114
58 127
58 94
58 71
58 61
58 149
58 139
58 116
58 93
58 60
58 63
58 128
58 105
59 143
59 133
59 146
59 90
59 67
59 122
59 112
59 79
59 69
59 137
59 91
59 127
59 104
59 94
59 149
59 126
59 139
59 83
59 63
59 118
59 72
59 85
59 62
59 75
59 107
59 120
59 97
59 74
59 64
59 142
59 99
59 89
59 66
59 141
59 131
59 144
59 121
59 98
59 134
59 111
59 88
59 65
60 140
60 97
60 74
60 110
60 87
60 77
60 109
60 99
60 76
60 112
60 66
60 79
60 144
60 121
60 134
60 88
60 101
60 78
60 100
60 103
60 80
60 138
60 115
60 105
60 137
60 104
60 84
60 126
60 139
60 116
60 129
60 106
60 83
60 96
60 141
60 118
60 95
60 62
60 98
60 75
61 125
61 79
61 115
61 92
61 147
61 91
61 127
61 136
61 116
61 129
61 73
61 63
61 138
61 141
61 108
61 85
61 75
61 107
61 87
61 77
61 132
61 86
61 122
61 99
61 66
61 131
61 134
61 101
61 78
61 133
61 110
62 101
62 91
62 146
62 123
62 136
62 113
62 70
62 145
62 112
62 125
62 79
62 115
62 147
62 137
62 114
62 149
62 93
62 129
62 106
62 96
62 73
62 118
62 95
62 65
62 117
62 120
62 110
62 87
62 77
62 109
62 99
62 89
62 66
62 131
62 144
62 98
62 111
62 88
63 149
63 139
63 93
63 106
63 73
63 115
63 118
63 75
63 140
63 117
63 84
63 97
63 142
63 132
63 86
63 141
63 98
63 65
63 101
63 78
63 143
63 133
63 146
63 100
63 113
63 67
63 80
63 122
63 89
63 102
63 69
63 134
63 124
63 127
63 71
64 146
64 136
64 113
64 90
64 80
64 145
64 147
64 114
64 84
64 149
64 139
64 93
64 106
64 96
64 86
64 138
64 95
64 98
64 130
64 110
64 142
64 119
64 99
64 76
64 89
64 144
64 134
65 134
65 124
65 78
65 123
65 80
65 93
65 70
65 135
65 102
65 138
65 115
65 82
65 72
65 137
65 94
65 84
65 116
65 106
65 96
65 86
65 128
65 95
65 108
65 75
65 87
65 77
65 119
65 109
65 76
65 79
65 144
65 121
66 71
66 84
66 136
66 139
66 129
66 108
66 85
66 140
66 117
66 130
66 107
66 120
66 74
66 87
66 77
66 89
66 144
66 88
66 68
66 146
66 100
66 113
66 135
66 148
66 102
66 92
66 114
66 91
67 147
67 84
67 139
67 106
67 83
67 73
67 118
67 72
67 108
67 85
67 75
67 140
67 130
67 120
67 97
67 110
67 87
67 77
67 142
67 132
67 89
67 134
67 78
67 146
67 136
67 145
67 135
67 112
67 148
67 79
68 116
68 128
68 105
68 95
68 85
68 75
68 140
68 107
68 143
68 97
68 74
68 110
68 132
68 122
68 76
68 121
68 134
68 111
68 88
68 91
68 136
68 90
68 70
68 135
68 112
68 148
68 102
68 115
68 147
68 137
68 114
68 81
68 84
68 126
69 94
69 71
69 126
69 93
69 129
69 96
69 138
69 141
69 118
69 95
69 85
69 98
69 75
69 140
69 130
69 97
69 110
69 77
69 144
69 111
69 88
69 124
69 123
69 100
69 136
69 90
69 80
69 70
69 145
69 135
69 105
69 82
69 114
70 129
70 132
70 109
70 86
70 98
70 134
70 111
70 123
70 100
70 80
70 145
70 112
70 102
70 92
70 82
70 147
70 137
70 114
70 104
70 81
70 71
70 149
70 103
70 139
70 118
70 72
70 75
70 117
70 130
70 107
70 84
70 120
70 97
70 87
71 117
71 107
71 87
71 142
71 119
71 132
71 109
71 86
71 122
71 76
71 144
71 98
71 134
71 101
71 110
71 100
71 113
71 90
71 148
71 79
71 115
71 92
71 147
71 124
71 104
71 94
71 136
71 139
71 129
71 96
71 128
71 118
71 85
71 75
72 137
72 114
72 107
72 84
72 149
72 139
72 116
72 118
72 95
72 108
72 98
72 140
72 120
72 97
72 110
72 87
72 100
72 109
72 76
72 79
72 134
72 111
72 88
72 101
72 78
72 133
72 146
72 136
72 90
72 126
72 135
72 138
72 115
72 92
73 74
73 109
73 122
73 99
73 76
73 111
73 78
73 133
73 123
73 100
73 113
73 135
73 112
73 148
73 82
73 114
73 127
73 104
73 149
73 139
73 83
73 108
73 140
73 130
73 107
74 75
74 140
74 130
74 120
74 142
74 109
74 122
74 99
74 121
74 88
74 91
74 136
74 103
74 112
74 115
74 105
74 81
74 84
74 116
74 106
74 83
74 96
74 118
74 95
74 98
75 146
75 90
75 112
75 125
75 79
75 115
75 92
75 124
75 91
75 81
75 136
75 149
75 103
75 116
75 93
75 106
75 128
75 108
75 117
75 130
75 84
75 97
75 129
75 119
75 132
75 109
75 99
75 121
75 98
75 111
75 101
76 107
76 120
76 110
76 112
76 88
76 124
76 101
76 78
76 91
76 123
76 136
76 113
76 80
76 148
76 125
76 92
76 82
76 94
76 149
76 139
76 106
76 96
76 86
76 141
76 131
76 85
76 98
76 130
77 108
77 85
77 98
77 130
77 97
77 145
77 99
77 79
77 121
77 78
77 91
77 133
77 80
77 93
77 135
77 148
77 115
77 105
77 82
77 114
77 94
77 116
77 129
77 86
77 95
78 100
78 103
78 112
78 148
78 102
78 115
78 92
78 117
78 138
78 95
78 108
78 98
78 140
78 130
78 107
78 120
78 86
78 122
78 121
78 88
78 91
79 131
79 121
79 134
79 88
79 91
79 100
79 136
79 113
79 80
79 102
79 105
79 114
79 127
79 126
79 139
79 106
79 141
79 118
79 95
79 85
79 98
79 143
79 87
79 142
79 109
79 122
79 89
80 90
80 93
80 135
80 148
80 138
80 115
80 92
80 82
80 147
80 137
80 104
80 84
80 126
80 106
80 86
80 128
80 141
80 118
80 131
80 108
80 130
80 122
80 112
80 89
80 134
80 111
80 88
80 101
80 100
81 91
81 123
81 136
81 113
81 90
81 93
81 148
81 102
81 138
81 92
81 105
81 82
81 137
81 104
81 149
81 139
81 106
81 86
81 141
81 98
81 140
81 143
81 120
81 97
81 132
81 109
81 122
81 111
81 124
82 149
82 126
82 93
82 129
82 106
82 83
82 128
82 118
82 108
82 85
82 130
82 107
82 119
82 109
82 122
82 99
82 131
82 144
82 91
82 136
82 103
82 112
82 148
82 125
82 102
82 92
82 137
82 127
82 84
83 124
83 94
83 126
83 116
83 138
83 95
83 98
83 140
83 107
83 143
83 120
83 119
83 144
83 111
83 88
83 101
83 123
83 90
83 145
83 112
83 148
83 125
83 115
83 92
83 147
84 102
84 115
84 92
84 105
84 114
84 104
84 126
84 129
84 96
84 128
84 95
84 108
84 85
84 140
84 143
84 142
84 119
84 132
84 109
84 99
84 89
84 124
84 101
84 91
84 146
84 100
84 136
84 113
84 90
84 103
84 145
85 126
85 139
85 116
85 106
85 96
85 128
85 141
85 95
85 131
85 108
85 98
85 140
85 130
85 107
85 143
85 97
85 110
85 87
85 122
85 99
85 89
85 101
85 91
85 133
85 123
85 136
85 103
85 125
85 147
85 114
85 127
85 117
86 147
86 137
86 94
86 139
86 116
86 129
86 106
86 96
86 141
86 118
86 95
86 108
86 140
86 130
86 97
86 99
86 134
86 111
86 124
86 101
86 146
86 90
86 145
86 102
87 130
87 107
87 120
87 97
87 119
87 99
87 98
87 111
87 88
87 143
87 100
87 136
87 115
87 92
87 124
87 137
87 94
87 139
87 116
87 138
87 141
87 118
87 95
87 108
88 108
88 130
88 107
88 120
88 97
88 142
88 132
88 89
88 121
88 134
88 133
88 136
88 113
88 112
88 102
88 147
88 124
88 127
88 104
88 117
88 96
89 142
89 132
89 99
89 144
89 121
89 91
89 100
89 113
89 103
89 145
89 112
89 148
89 125
89 102
89 115
89 147
89 127
89 126
89 139
89 129
89 106
89 96
89 128
89 141
89 118
89 95
89 108
89 130
89 143
89 110
90 140
90 130
90 142
90 99
90 112
90 111
90 124
90 133
90 146
90 136
90 113
90 145
90 135
90 102
90 92
90 105
90 137
90 117
90 94
90 126
90 93
90 96
90 138
90 118
90 95
91 95
91 140
91 130
91 143
91 110
91 142
91 99
91 112
91 144
91 121
91 111
91 124
91 103
91 135
91 148
91 138
91 105
91 137
91 126
91 139
92 100
92 113
92 145
92 135
92 137
92 114
92 127
92 104
92 136
92 126
92 139
92 116
92 93
92 129
92 106
92 105
92 95
92 108
92 140
92 117
92 120
92 110
92 111
93 130
93 143
93 97
93 133
93 142
93 132
93 112
93 144
93 134
93 111
93 124
93 101
93 114
93 123
93 136
93 126
93 103
93 135
93 148
93 102
93 105
93 137
93 127
93 117
93 107
93 116
93 129
93 96
93 141
93 118
93 95
93 131
94 146
94 123
94 100
94 113
94 145
94 135
94 125
94 102
94 105
94 114
94 126
94 116
94 96
94 141
94 98
94 130
94 107
94 97
94 110
94 142
94 132
94 122
94 99
94 131
94 144
94 121
94 111
94 124
95 134
95 111
95 123
95 100
95 136
95 103
95 114
95 127
95 104
95 149
95 126
95 106
95 128
95 118
95 108
95 140
95 130
95 107
95 110
95 122
96 99
96 101
96 133
96 146
96 123
96 145
96 135
96 148
96 138
96 115
96 147
96 137
96 114
96 127
96 126
96 139
96 129
96 106
96 128
96 141
96 118
96 98
96 130
96 107
96 143
96 142
97 133
97 146
97 123
97 136
97 113
97 135
97 125
97 137
97 114
97 127
97 106
97 119
97 108
97 98
97 100
97 142
97 122
97 99
97 112
97 134
97 111
97 124
97 101
98 144
98 111
98 124
98 136
98 103
98 135
98 125
98 102
98 115
98 147
98 127
98 117
98 139
98 141
98 118
98 131
98 108
98 143
98 133
98 100
98 142
98 145
99 149
99 126
99 138
99 128
99 130
99 107
99 143
99 119
99 132
99 109
99 122
99 144
99 121
99 134
99 111
99 123
99 125
99 102
99 115
99 147
100 105
100 147
100 114
100 117
100 149
100 116
100 129
100 106
100 128
100 141
100 118
100 108
100 130
100 143
100 142
100 119
100 132
100 109
100 112
100 111
100 124
100 123
100 136
100 145
100 148
100 102
100 115
101 139
101 108
101 140
101 110
101 112
101 134
101 124
101 123
101 145
101 135
101 148
101 102
101 138
101 105
101 147
101 127
102 137
102 114
102 104
102 117
102 149
102 116
102 129
102 106
102 128
102 141
102 130
102 142
102 109
102 145
102 111
102 126
102 103
102 105
102 147
103 138
103 147
103 114
103 107
103 119
103 140
103 120
103 133
103 110
103 109
103 145
103 122
103 112
103 111
103 124
103 136
103 113
103 148
104 107
104 120
104 110
104 132
104 122
104 121
104 134
104 111
104 146
104 136
104 113
104 145
104 125
104 115
104 137
104 114
104 127
104 117
104 149
104 139
104 116
104 129
104 106
104 138
104 128
104 105
104 141
104 118
104 108
105 128
105 130
105 107
105 110
105 142
105 122
105 121
105 136
105 113
105 112
105 148
105 125
105 147
105 114
105 127
105 149
105 106
106 143
106 120
106 142
106 109
106 121
106 111
106 124
106 116
106 123
106 136
106 135
106 125
106 115
106 137
106 114
106 127
106 149
106 126
106 119
106 141
106 118
106 131
107 143
107 110
107 112
107 144
107 134
107 124
107 133
107 146
107 136
107 126
107 137
107 128
108 145
108 112
108 148
108 125
108 137
108 114
108 127
108 126
108 129
108 128
108 118
108 140
108 130
108 142
108 119
108 109
108 122
108 131
108 111
109 134
109 111
109 133
109 146
109 136
109 145
109 125
109 147
109 114
109 127
109 116
109 143
109 110
109 142
109 122
110 118
110 120
110 142
110 122
110 112
110 144
110 134
110 146
110 125
110 127
110 149
110 139
110 129
110 128
111 133
111 113
111 145
111 135
111 147
111 114
111 127
111 126
111 139
111 116
111 129
111 141
111 118
111 140
111 130
111 120
111 142
111 112
111 144
111 121
111 134
111 124
112 134
112 124
112 133
112 146
112 135
112 125
112 137
112 114
112 116
112 129
112 128
112 118
112 140
112 120
112 122
113 114
113 117
113 149
113 126
113 139
113 129
113 128
113 118
113 120
113 122
113 144
113 121
113 123
113 145
114 124
114 123
114 135
114 140
114 117
114 129
114 119
114 143
114 133
114 120
114 142
114 132
114 144
115 139
115 129
115 138
115 128
115 141
115 118
115 140
115 143
115 120
115 122
115 144
115 124
115 133
115 123
115 136
115 135
115 148
115 147
115 137
116 147
116 137
116 117
116 128
116 118
116 140
116 120
116 142
116 132
116 122
116 134
116 146
116 123
116 148
116 125
117 148
117 125
117 138
117 147
117 137
117 127
117 149
117 119
117 141
117 140
117 120
117 132
117 145
117 122
117 144
117 134
117 133
118 139
118 119
118 141
118 140
118 132
118 145
118 121
118 134
118 123
118 136
118 135
118 127
119 129
119 141
119 130
119 143
119 133
119 132
119 145
119 144
119 124
119 136
119 148
119 125
119 138
120 144
120 146
120 123
120 136
120 135
120 127
120 149
120 126
120 129
120 138
120 128
121 131
121 130
121 143
121 132
121 144
121 134
121 123
121 127
122 139
122 132
122 146
123 124
123 146
123 126
123 135
123 137
123 141
124 141
124 143
124 145
124 134
124 146
124 136
124 126
124 148
124 125
124 139
125 146
125 145
125 135
125 137
125 149
125 139
125 138
125 140
125 143
125 144
126 130
126 142
126 144
126 134
126 136
126 128
126 140
126 149
126 131
127 146
127 148
127 138
127 147
127 149
127 129
127 140
127 142
128 144
128 134
128 136
128 135
128 148
128 147
128 139
128 129
128 131
128 142
128 145
129 132
129 145
129 136
129 148
129 147
129 137
129 140
129 130
130 147
130 149
130 139
130 141
130 143
130 132
130 144
130 146
130 148
131 134
131 139
131 142
131 143
132 137
132 143
132 145
132 144
132 136
132 138
132 147
133 138
133 137
133 139
133 141
133 143
133 142
133 145
133 136
134 140
134 142
134 139
134 138
135 149
135 139
135 141
135 142
135 145
135 144
135 147
135 138
136 148
136 138
136 149
136 142
136 145
136 144
136 147
136 146
137 140
137 143
137 146
137 147
137 139
137 141
138 141
138 142
138 145
138 144
138 146
138 148
138 147
138 139
139 143
139 140
140 141
140 144
141 145
141 146
141 148
142 144
142 146
142 148
142 145
143 145
144 148
144 145
145 149
146 149
146 148
